R1D1 : 0.020182370151121315
R1D3 : 0.0674732415899743
R1D4 : 0.013732881268521159
R1D5 : 0.0014419270126274444
R1D6 : 0.026277078607212775
R1D7 : -0.0028977368717171517
R1D8 : -0.006260443042592487
R2D5 : 0.025905824376926078
R2D9 : -0.07295025366426129
R3D1 : 0.05635886895068703
R4D9 : -0.10103031077478897
